# Frame list with one line of data per frame:
#   FRAME_ID, RIG_ID, RIG_FROM_WORLD[QW, QX, QY, QZ, TX, TY, TZ], NUM_DATA_IDS, DATA_IDS[] as (SENSOR_TYPE, SENSOR_ID, DATA_ID)
# Number of frames: 16
23 1 0.97311413569388283 -0.037314137336197373 -0.22446959776070968 -0.035636129822808733 6.437664324165782 -0.88476941918611496 -0.61124936991848289 1 CAMERA 1 23
24 1 0.98020997755643002 -0.030308585226101047 -0.19306027097421746 -0.031583561100309791 3.2833380148313851 -0.47653298992477605 -0.08659154613879104 1 CAMERA 1 24
25 1 0.9585466182288982 -0.046652161240147302 -0.2739531875109576 -0.062941302704603561 5.8388256905807472 -0.23970117821342241 -0.0016471057761204262 1 CAMERA 1 25
26 1 0.98537786272134986 -0.031131407122788932 -0.16665832417486923 -0.016920583101185778 2.2619554331589189 -0.44315058870190477 0.40700161926692485 1 CAMERA 1 26
27 1 0.98989567122673194 -0.03448715890143636 -0.13745089692888152 -0.0049443797316757838 2.2132684153966027 -0.32101685380046546 0.75625284035651696 1 CAMERA 1 27
28 1 0.99250142897719529 -0.028513728055282767 -0.11886064363799871 -0.0001678826238618779 1.5974925561333397 -0.77337750513035597 -0.096209270549234741 1 CAMERA 1 28
29 1 0.99694895770970726 -0.027873615206390489 -0.070918927817927579 0.016921671726224288 1.1757978555766251 -0.44298502611278162 -0.55438072643177927 1 CAMERA 1 29
30 1 0.99509537620852651 -0.027085490900138346 -0.094799311170737088 0.0080410840477711468 1.1326188100825108 -0.54542827416360451 -0.62492956401765964 1 CAMERA 1 30
31 1 0.99866026361211091 -0.030620117173260197 -0.01228797663360327 0.03986341601941816 -1.3043491049948008 0.17076555100673238 1.3414297372342712 1 CAMERA 1 31
32 1 0.99865744281050239 -0.027748318743858733 0.013769974278218564 0.041517833932595651 -1.6362230925837009 0.40688590285910353 1.4053325871104625 1 CAMERA 1 32
33 1 0.99794828128152846 -0.028380383051963026 0.024037014714686378 0.052115292080859785 -2.4311345668038769 0.015662725886354638 1.26574984981573 1 CAMERA 1 33
34 1 0.99793538939069504 -0.030085136855174055 0.023932999748725755 0.051449535129823462 -3.3018580010336218 -0.12646200623351608 1.3070822317089545 1 CAMERA 1 34
35 1 0.99836048416585921 -0.027359578476402437 0.014752950184013514 0.048063994658922464 -1.9226990713608565 0.20471980020489144 1.3221776987415401 1 CAMERA 1 35
36 1 0.99810508453043312 -0.032009921447280106 0.024806567669552665 0.046327522747193005 -4.0588132839626576 -0.1040016380333271 1.3602103970843946 1 CAMERA 1 36
38 1 0.99502265046303906 -0.028636116974263551 -0.09482321009039528 0.01088378143375935 -1.514254225712927 0.44983662401138108 -0.25498499427989613 1 CAMERA 1 38
39 1 0.99873205956228628 -0.030279387568287394 0.010165991113801101 0.038911238937323768 -3.9513031889710755 -0.090735477966892158 0.69842204355252135 1 CAMERA 1 39
